500 [0.15673469 0.62984127 1.10294785 1.57895692 2.05206349 2.52807256
 3.00117914 3.4800907  3.95900227 4.43791383]
   0.157 0.473 0.473 0.476 0.473
   2.052 0.476 0.473 0.479 0.479
   3.959 0.479 0.473 0.479 0.476
   5.866 0.476 0.473 0.467 0.485
   7.767 0.485 0.476 0.476 0.473
   9.677 0.476 0.476 0.476 0.476
  11.581 0.479 0.479 0.476 0.476
  13.491 0.473 0.467 0.441 0.496
  15.369 0.485 0.470 0.470 0.473
  17.267 0.444 0.438 0.511 0.488
  19.148 0.482 0.470 0.473 0.470
  21.043 0.450 0.464 0.461 0.488
  22.906 0.499 0.470 0.560 0.377
  24.813 0.456 0.467 0.470 0.467
  26.674 0.473 0.435 0.424 0.412
  28.418 0.485 0.496 0.493 0.499
  30.392 0.479 0.467 0.467 0.467
  32.273 0.467 0.461 0.467 0.441
  34.110 0.363 0.583 0.476 0.470
  36.003 0.450 0.464 0.470 0.467
  37.854 0.473 0.450 0.479 0.467
  39.724 0.453 0.464 0.464 0.441
  41.546 0.351 0.351 0.357 0.351
  42.957 0.430 0.412 0.383 0.496
  44.678 0.540 0.473 0.459 0.467
  46.617 0.464 0.464 0.461 0.470
  48.477 0.464 0.461 0.461 0.467
  50.332 0.461 0.467 0.461 0.464
  52.187 0.476 0.459 0.461 0.464
  54.047 0.464 0.467 0.461 0.470
  55.911 0.464 0.461 0.464 0.464
  57.765 0.464 0.467 0.461 0.473
  59.632 0.461 0.464 0.464 0.464
  61.486 0.464 0.464 0.464 0.464
  63.344 0.470 0.464 0.461 0.467
  65.207 0.464 0.464 0.464 0.461
  67.062 0.470 0.464 0.464 0.464
  68.926 0.464 0.464 0.464 0.470
  70.789 0.461 0.464 0.464 0.464
  72.644 0.467 0.464 0.461 0.461
  74.498 0.473 0.461 0.456 0.467
  76.356 0.464 0.470 0.447 0.470
  78.208 0.470 0.464 0.459 0.464
  80.065 0.461 0.470 0.459 0.461
  81.917 0.467 0.467 0.461 0.464
  83.778 0.461 0.470 0.456 0.459
  85.624 0.461 0.476 0.450 0.470
  87.481 0.456 0.473 0.456 0.473
  89.339 0.461 0.461 0.464 0.459
  91.185 0.461 0.467 0.459 0.459
  93.031 0.473 0.459 0.461 0.459
  94.883 0.461 0.467 0.459 0.461
  96.731 0.470 0.459 0.456 0.464
  98.580 0.461 0.467 0.459 0.461
 100.429 0.470 0.464 0.441 0.473
 102.278 0.459 0.432 0.380 0.505
 104.054 0.514 0.476 0.456 0.467
 105.967 0.459 0.467 0.456 0.470
 107.819 0.464 0.456 0.459 0.464
 109.662 0.459 0.464 0.459 0.464
 111.508 0.461 0.464 0.459 0.461
 113.354 0.464 0.461 0.459 0.461
 115.200 0.464 0.461 0.461 0.461
 117.049 0.461 0.461 0.461 0.464
 118.898 0.464 0.459 0.459 0.464
 120.744 0.459 0.464 0.459 0.464
 122.590 0.461 0.461 0.459 0.464
 124.436 0.459 0.464 0.461 0.461
 126.282 0.461 0.464 0.456 0.464
 128.128 0.459 0.464 0.461 0.461
 129.974 0.461 0.459 0.461 0.464
 131.820 0.459 0.461 0.461 0.467
 133.669 0.459 0.467 0.467 0.461
 135.523 0.470 0.470 0.467 0.473
 137.404 0.456 0.479 0.467 0.467
 139.273 0.470 0.467 0.467 0.470
 141.148 0.470 0.473 0.461 0.467
 143.020 0.470 0.467 0.464 0.470
 144.893 0.459 0.476 0.467 0.470
 146.765 0.467 0.467 0.476 0.447
 148.622 0.488 0.467 0.456 0.467
 150.500 0.473 0.476 0.438 0.508
 152.395 0.488 0.476 0.456 0.464
 154.279 0.470 0.406 0.508 0.464
 156.128 0.496 0.502 0.505 0.511
 158.142 0.604 0.450 0.456 0.447
 160.099 0.511 0.520 0.496 0.514
 162.139 0.520 0.531 0.470 0.464
 164.124 0.467 0.464 0.467 0.464
 165.988 0.464 0.467 0.467 0.467
 167.854 0.467 0.467 0.464 0.464
 169.718 0.467 0.456 0.461 0.456
 171.558 0.473 0.461 0.464 0.459
 173.415 0.464 0.456 0.467 0.461
 175.264 0.461 0.456 0.464 0.459
 177.104 0.467 0.456 0.464 0.461
 178.953 0.464 0.456 0.467 0.456
 180.796 0.467 0.456 0.464 0.464
 182.648 0.464 0.453 0.467 0.456
 184.488 0.473 0.456 0.467 0.456
 186.340 0.459 0.461 0.467 0.459
 188.186 0.461 0.461 0.467 0.459
 190.035 0.459 0.461 0.461 0.464
 191.881 0.461 0.459 0.464 0.461
 193.727 0.459 0.461 0.464 0.461
 195.573 0.464 0.456 0.464 0.459
 197.416 0.464 0.461 0.461 0.461
 199.265 0.461 0.461 0.461 0.456
 201.105 0.464 0.461 0.461 0.459
 202.951 0.464 0.459 0.464 0.459
 204.797 0.464 0.459 0.464 0.464
 206.649 0.459 0.459 0.464 0.459
 208.489 0.461 0.461 0.464 0.459
 210.335 0.461 0.461 0.461 0.461
 212.181 0.464 0.459 0.464 0.461
 214.030 0.461 0.459 0.464 0.461
 215.876 0.467 0.470 0.470 0.470
 217.754 0.467 0.467 0.467 0.470
 219.626 0.473 0.470 0.473 0.470
 221.513 0.473 0.470 0.470 0.473
 223.399 0.482 0.473 0.479 0.476
 225.309 0.479 0.479 0.476 0.479
 227.222 0.525 0.459 0.461 0.450
 229.117 0.459 0.456 0.450 0.470
 230.951 0.479 0.473 0.479
