   7.302  -22.5  0.43 0.252
   7.814  -16.7  0.33 0.512
   8.072  -27.3  0.34 0.258
   8.332  -22.4  0.90 0.260
   8.594  -22.8  0.31 0.262
  14.856  -20.6  0.93 6.262
  15.362  -20.7  1.00 0.506
  15.664  -26.4  0.10 0.302
  19.224  -24.5  0.29 3.560
  21.940  -19.9  0.70 2.716
  22.968  -27.9  0.59 1.028
  23.396  -25.7  0.48 0.428
  26.722  -21.7  0.31 3.326
  29.578  -21.2  0.27 2.856
  29.832  -27.8  0.58 0.254
  30.116  -26.6  0.51 0.284
  30.442  -21.8  0.53 0.326
  30.696  -23.8  0.42 0.254
  31.000  -20.1  0.40 0.304
  34.520  -21.9  0.16 3.520
  34.814  -20.9  0.40 0.294
  37.990  -16.5  0.75 3.176
  38.398  -22.6  0.51 0.408
  41.532  -26.9  0.72 3.134
  42.674  -24.0  0.59 1.142
  45.208  -11.5  1.02 2.534
  45.590  -21.1  0.52 0.382
  46.596  -13.0  0.58 1.006
  47.044  -23.9  0.65 0.448
  48.096  -14.2  0.27 1.052
  48.454  -13.3  0.39 0.358
  48.804  -23.3  0.57 0.350
  49.080  -21.3  0.72 0.276
  50.758  -23.9  0.55 1.678
  51.800  -12.5  0.27 1.042
  52.638  -12.7  0.63 0.838
  53.272  -26.6  0.34 0.634
  54.022  -13.9  0.38 0.750
  54.492  -13.4  0.50 0.470
  54.942  -19.9  0.54 0.450
  55.208  -27.6  0.34 0.266
  55.884  -12.9  0.86 0.676
  56.350  -12.8  0.46 0.466
  56.720  -24.8  0.54 0.370
  57.234  -23.9  0.20 0.514
  57.746  -12.2  0.43 0.512
  58.678  -11.7  0.51 0.932
  59.334  -20.1  0.46 0.656
  60.068  -13.9  0.58 0.734
  60.450  -18.2  0.35 0.382
  60.850  -19.7  0.50 0.400
  61.932  -12.9  0.42 1.082
  62.964  -14.5  0.27 1.032
  63.894  -13.8  0.32 0.930
  64.518  -22.1  0.54 0.624
  65.650   -9.8  0.47 1.132
  66.208  -14.7  0.27 0.558
  67.268  -26.1  0.52 1.060
  67.604  -13.0  0.28 0.336
  67.872  -25.8  0.73 0.268
  68.396  -27.6  0.45 0.524
  68.906  -11.1  0.58 0.510
  69.824  -15.7  0.54 0.918
  70.296  -11.9  0.53 0.472
  72.728  -14.7  0.26 2.432
  74.088  -16.6  0.25 1.360
  74.794  -26.2  0.79 0.706
  75.144  -19.8  0.51 0.350
  75.880  -12.2  0.46 0.736
  76.330  -14.6  0.63 0.450
  76.804  -12.0  0.38 0.474
  77.272  -11.5  0.48 0.468
  77.524  -19.9  0.25 0.252
  78.658  -11.3  0.57 1.134
  79.590  -13.3  0.40 0.932
  80.974  -11.7  0.55 1.384
  82.462  -16.1  0.46 1.488
  82.902  -17.3  0.26 0.440
  83.758  -10.6  0.53 0.856
  85.608  -11.0  0.53 1.850
  86.070  -13.6  0.57 0.462
  86.430  -23.0  0.62 0.360
  87.002  -11.5  0.43 0.572
  88.370  -26.1  0.37 1.368
  89.012  -21.3  0.59 0.642
  89.742  -23.2  0.72 0.730
  90.010  -20.4  0.61 0.268
  90.344  -16.7  0.30 0.334
  90.598  -26.0  0.56 0.254
  91.154  -16.2  0.57 0.556
  91.626  -12.3  0.56 0.472
  92.226  -25.8  0.22 0.600
  92.550  -11.7  0.58 0.324
  93.004  -15.6  0.61 0.454
  93.292  -26.1  0.62 0.288
  94.400  -12.6  0.71 1.108
  95.326  -12.0  0.60 0.926
  95.916  -21.7  0.25 0.590
  96.700  -21.3  0.53 0.784
  97.228  -13.4  0.29 0.528
  97.870  -27.8  0.58 0.642
  99.022  -12.8  0.54 1.152
  99.392  -26.0  0.29 0.370
 100.408  -12.5  0.57 1.016
 100.874  -14.4  0.68 0.466
 101.418  -16.3  0.26 0.544
 101.954  -22.6  0.51 0.536
 102.258  -13.9  0.63 0.304
 104.784  -15.6  0.85 2.526
 105.128  -11.3  0.27 0.344
 105.410  -16.0  0.75 0.282
 105.662  -20.8  0.53 0.252
 106.610  -15.7  0.28 0.948
 107.056  -20.0  0.61 0.446
 107.518  -18.7  0.69 0.462
 107.800  -10.6  0.27 0.282
 108.132  -25.5  0.89 0.332
 109.856  -23.8  0.85 1.724
 110.112  -12.5  0.26 0.256
 110.450  -23.7  0.48 0.338
 110.780  -27.1  0.61 0.330
 111.490  -11.6  0.50 0.710
 112.172  -20.3  0.66 0.682
 112.608  -22.4  0.60 0.436
 112.874  -10.3  0.56 0.266
 113.242  -21.4  0.83 0.368
 113.528  -23.5  0.67 0.286
 113.798  -11.4  0.48 0.270
 114.202  -23.7  0.52 0.404
 114.452  -27.4  0.75 0.250
 115.274  -12.6  0.26 0.822
 115.584  -20.8  0.97 0.310
 115.998  -19.8  0.72 0.414
 116.440  -22.4  0.67 0.442
 117.026  -10.3  0.54 0.586
 117.310  -19.2  0.44 0.284
 117.614  -17.1  0.25 0.304
 118.214  -20.6  0.60 0.600
 118.526  -14.9  0.29 0.312
 118.784  -23.3  0.97 0.258
 119.200  -18.0  0.68 0.416
 119.702  -16.6  0.64 0.502
 119.952  -25.0  0.23 0.250
 120.236  -24.9  0.57 0.284
 120.494  -19.0  0.38 0.258
 120.904  -23.4  0.54 0.410
 121.158  -24.4  0.32 0.254
 121.492  -18.1  0.55 0.334
 121.746  -12.7  0.24 0.254
 122.010  -16.4  0.57 0.264
 122.274  -23.1  0.75 0.264
 122.766  -23.1  0.59 0.492
 123.032  -12.3  0.33 0.266
 123.764  -27.7  0.51 0.732
 124.410  -10.0  0.72 0.646
 126.712  -11.3  0.32 2.302
 127.126  -22.0  0.59 0.414
 128.050  -22.1  0.51 0.924
 128.790  -21.9  0.65 0.740
 129.690  -24.9  0.62 0.900
 130.410  -10.9  0.46 0.720
 130.872   -9.9  0.49 0.462
 131.164  -24.0  0.32 0.292
 131.794  -11.1  0.62 0.630
 132.256  -10.2  0.48 0.462
 132.518  -16.5  0.49 0.262
 133.394  -27.5  0.78 0.876
 133.828  -27.6  0.32 0.434
 134.114  -16.6  0.51 0.286
 134.364  -21.5  0.30 0.250
 137.414  -22.1  0.44 3.050
 137.904  -23.7  0.51 0.490
 138.184  -26.2  0.85 0.280
 141.600  -17.5  0.16 3.416
 141.858  -18.4  0.69 0.258
 142.164  -20.1  0.75 0.306
 142.522  -20.5  0.30 0.358
 145.376  -25.2  0.74 2.854
 145.796  -20.0  0.55 0.420
 146.056  -24.4  0.93 0.260
 146.430  -24.4  0.42 0.374
 147.012  -27.4  0.36 0.582
 147.318  -25.7  0.26 0.306
 147.618  -23.3  0.19 0.300
 147.918  -24.8  0.21 0.300
 148.618  -27.7  0.23 0.700
 168.320  -26.5  0.25 19.702
 168.584  -22.9  0.07 0.264
 168.898  -24.2  0.21 0.314
 169.154  -21.7  0.06 0.256
 169.480  -22.8  0.22 0.326
 169.828  -20.5  0.25 0.348
 170.292  -21.6  0.23 0.464
 171.542  -10.4  0.58 1.250
 171.916  -16.5  0.60 0.374
 172.190  -23.0  0.39 0.274
 172.478  -11.9  0.41 0.288
 172.934   -8.5  0.45 0.456
 173.186  -16.0  0.81 0.252
 173.598  -20.0  0.32 0.412
 173.856   -9.6  0.62 0.258
 174.200  -13.1  0.76 0.344
 174.576  -16.4  0.64 0.376
 175.206  -20.0  0.91 0.630
 175.594  -19.4  0.40 0.388
 176.170  -12.6  0.41 0.576
 177.094  -11.4  0.33 0.924
 178.210  -26.8  0.51 1.116
 178.482   -8.9  0.33 0.272
 179.154  -20.8  0.64 0.672
 179.406   -9.2  0.22 0.252
 179.682  -20.2  0.63 0.276
 179.968  -14.6  0.25 0.286
 180.264  -16.8  0.49 0.296
 180.870  -11.0  0.28 0.606
 181.186  -19.9  0.51 0.316
 181.590  -16.2  0.73 0.404
 182.150  -16.7  0.30 0.560
 182.460  -17.4  0.66 0.310
 183.548  -10.6  0.65 1.088
 183.898  -25.2  0.67 0.350
 184.282  -21.8  0.44 0.384
 184.562  -11.9  0.29 0.280
 184.822  -25.2  0.55 0.260
 185.204  -24.5  0.85 0.382
 185.862  -13.4  0.47 0.658
 186.294  -22.2  0.59 0.432
 186.688  -18.6  0.72 0.394
 187.028  -19.1  0.68 0.340
 187.332  -11.0  0.28 0.304
 187.612  -19.0  0.56 0.280
 187.952  -18.4  0.61 0.340
 188.234  -10.8  0.27 0.282
 188.534  -20.6  0.61 0.300
 188.892  -15.5  0.63 0.358
 189.156  -12.2  0.28 0.264
 189.458  -21.1  0.50 0.302
 190.010   -9.8  0.51 0.552
 190.876  -27.9  0.61 0.866
 191.364  -23.3  0.47 0.488
 192.288  -20.9  0.87 0.924
 192.744  -27.4  0.98 0.456
 193.164  -25.2  0.52 0.420
 194.108  -20.1  0.64 0.944
 194.410  -25.0  0.58 0.302
 195.072  -16.5  0.65 0.662
 195.334  -25.5  0.50 0.262
 195.996  -16.6  0.50 0.662
 196.364  -15.6  0.43 0.368
 196.878  -17.1  0.62 0.514
 197.246  -14.6  0.50 0.368
 197.508  -14.5  0.24 0.262
 197.816  -22.0  0.61 0.308
 198.136  -25.0  0.87 0.320
 199.052  -27.8  0.57 0.916
 199.332  -12.2  0.29 0.280
 199.974  -21.3  0.69 0.642
 200.674  -11.5  0.23 0.700
 200.932  -25.0  0.67 0.258
 201.188  -11.5  0.28 0.256
 201.454  -15.4  1.00 0.266
 201.782  -22.8  0.69 0.328
 202.100  -11.6  0.28 0.318
 202.376  -15.3  0.83 0.276
 202.754  -14.9  0.49 0.378
 203.012  -11.1  0.27 0.258
 203.300  -15.4  0.70 0.288
 203.628  -24.4  0.51 0.328
 204.072  -24.7  0.60 0.444
 204.326   -7.8  0.23 0.254
 204.582  -17.4  0.56 0.256
 204.836   -9.8  0.26 0.254
 205.086  -17.7  0.55 0.250
 205.352  -14.7  0.26 0.266
 205.962  -27.8  0.47 0.610
 206.252  -13.6  0.26 0.290
 206.934  -17.7  0.53 0.682
 207.808  -27.8  0.51 0.874
 208.088  -11.1  0.26 0.280
 208.722  -17.5  0.74 0.634
 209.226  -17.0  0.80 0.504
 209.618  -23.9  0.53 0.392
 209.868  -12.5  0.21 0.250
 210.128  -22.1  0.49 0.260
 210.406  -11.8  0.26 0.278
 210.670  -24.2  0.62 0.264
 211.030  -21.2  0.59 0.360
 211.524  -19.0  0.72 0.494
 211.974  -18.1  0.93 0.450
 212.252  -11.8  0.28 0.278
 213.036  -25.5  0.88 0.784
 213.930  -25.4  0.81 0.894
 215.398  -12.2  0.33 1.468
 215.724  -22.7  0.82 0.326
 215.976  -15.1  0.37 0.252
 219.770  -23.3  0.82 3.794
 220.154  -24.4  0.35 0.384
 223.612  -11.0  0.57 3.458
 223.938  -14.5  0.47 0.326
 224.204  -19.3  0.46 0.266
 227.234  -16.9  0.78 3.030
 227.658  -21.1  0.41 0.424
 227.930  -15.9  0.15 0.272
 228.186  -21.7  0.63 0.256
 228.460  -25.4  0.95 0.274
 228.758  -23.6  0.62 0.298
 229.152  -14.7  0.46 0.394
 229.784  -25.6  0.31 0.632
 230.080  -25.9  0.22 0.296
