[0.08754333 0.28835395 0.56019809 0.7818863 ]
   0.014  -89.8  0.22
   0.304  -86.0  0.54
   0.804  -71.5  0.51
   1.202  -63.9  0.67
   1.678  -72.2  0.51
   1.930  -70.3  0.45
   2.276  -73.0  0.38
   2.692  -72.1  0.63
   2.986  -75.2  0.86
   3.276  -66.8  0.65
   3.580  -64.4  0.45
   3.928  -63.3  0.64
   4.436  -63.2  0.52
   4.890  -59.9  0.59
   5.152  -69.4  0.48
   5.628  -64.4  0.73
   6.104  -67.9  0.94
   6.444  -65.0  0.56
   6.790  -39.5  0.53
   7.050  -22.6  0.20
   7.302  -22.5  0.43
   7.814  -16.7  0.33
   8.072  -27.3  0.34
   8.332  -22.4  0.90
   8.594  -22.8  0.31
   8.934  -28.4  0.42
   9.358  -33.1  0.62
   9.780  -39.6  0.50
  10.038  -52.6  0.67
  10.322  -46.1  0.20
  10.644  -50.4  0.32
  10.960  -47.8  0.09
  11.218  -52.3  0.65
  11.546  -53.4  0.68
  11.806  -62.3  0.37
  12.126  -64.5  0.46
  12.388  -66.3  0.53
  12.796  -87.9  0.50
  13.172  -78.4  0.50
  13.628  -93.0  0.49
  13.936  -69.1  0.55
  14.210  -59.2  0.46
  14.574  -68.8  0.53
  14.856  -20.6  0.93
  15.362  -20.7  1.00
  15.664  -26.4  0.10
  15.928  -36.3  0.16
  16.234  -39.0  0.14
  16.542  -48.7  0.31
  16.802  -46.1  0.08
  17.056  -55.9  0.18
  17.382  -48.7  0.32
  17.686  -30.3  1.03
  17.950  -53.4  0.31
  18.236  -60.5  0.58
  18.606  -54.1  1.00
  18.954  -69.2  0.68
  19.224  -24.5  0.29
  19.730  -39.5  0.60
  20.234  -49.3  0.20
  20.504  -54.9  0.64
  20.792  -48.6  0.30
  21.128  -65.4  0.53
  21.398  -54.1  0.42
  21.672  -42.8  0.75
  21.940  -19.9  0.70
  22.338  -58.0  0.23
  22.616  -56.3  0.66
  22.968  -27.9  0.59
  23.396  -25.7  0.48
  23.776  -35.3  0.52
  24.178  -50.9  0.74
  24.466  -50.9  0.53
  24.716  -47.5  0.47
  25.002  -50.7  0.55
  25.346  -48.8  0.48
  25.740  -63.6  0.70
  26.076  -70.2  0.60
  26.462  -49.3  1.00
  26.722  -21.7  0.31
  27.010  -33.9  0.37
  27.446  -37.9  0.61
  27.914  -54.2  0.51
  28.224  -60.1  0.54
  28.498  -40.5  0.51
  28.998  -38.2  0.73
  29.284  -37.0  0.53
  29.578  -21.2  0.27
  29.832  -27.8  0.58
  30.116  -26.6  0.51
  30.442  -21.8  0.53
  30.696  -23.8  0.42
  31.000  -20.1  0.40
  31.376  -35.1  0.61
  31.628  -43.7  0.35
  31.986  -50.1  0.44
  32.238  -38.2  0.29
  32.504  -40.9  0.55
  32.950  -65.2  0.27
  33.202  -56.7  0.73
  33.562  -69.5  0.55
  33.884  -66.0  0.35
  34.256  -43.8  0.71
  34.520  -21.9  0.16
  34.814  -20.9  0.40
  35.268  -41.6  0.54
  35.540  -47.9  0.42
  35.810  -57.7  0.69
  36.208  -51.5  0.45
  36.462  -62.8  0.82
  36.792  -81.0  0.43
  37.074  -74.5  0.69
  37.338  -70.1  0.30
  37.592  -29.6  0.56
  37.990  -16.5  0.75
  38.398  -22.6  0.51
  38.840  -32.6  0.57
  39.340  -52.5  0.33
  39.722  -47.5  0.39
  40.024  -50.3  0.49
  40.330  -68.3  0.38
  40.786  -50.6  0.76
  41.122  -64.0  0.42
  41.532  -26.9  0.72
  42.028  -29.8  0.49
  42.400  -28.3  0.70
  42.674  -24.0  0.59
  43.030  -30.5  0.41
  43.412  -44.5  0.49
  43.684  -54.3  0.60
  43.942  -57.2  0.53
  44.264  -51.9  0.58
  44.638  -64.6  0.61
  44.912  -32.7  0.46
  45.208  -11.5  1.02
  45.590  -21.1  0.52
  45.904  -30.5  0.49
  46.346  -60.2  0.88
  46.596  -13.0  0.58
  47.044  -23.9  0.65
  47.406  -34.4  0.45
  47.756  -38.4  0.57
  48.096  -14.2  0.27
  48.454  -13.3  0.39
  48.804  -23.3  0.57
  49.080  -21.3  0.72
  49.330  -34.7  0.59
  49.584  -34.3  0.55
  50.072  -49.6  0.70
  50.508  -51.0  0.35
  50.758  -23.9  0.55
  51.016  -68.3  0.71
  51.468  -32.5  0.55
  51.800  -12.5  0.27
  52.060  -60.4  0.54
  52.382  -55.9  0.44
  52.638  -12.7  0.63
  52.902  -28.8  0.57
  53.272  -26.6  0.34
  53.746  -33.1  0.62
  54.022  -13.9  0.38
  54.492  -13.4  0.50
  54.942  -19.9  0.54
  55.208  -27.6  0.34
  55.570  -28.9  0.39
  55.884  -12.9  0.86
  56.350  -12.8  0.46
  56.720  -24.8  0.54
  56.976  -28.4  0.40
  57.234  -23.9  0.20
  57.494  -57.4  0.60
  57.746  -12.2  0.43
  58.104  -73.6  0.53
  58.422  -63.6  0.40
  58.678  -11.7  0.51
  59.074  -66.7  0.29
  59.334  -20.1  0.46
  59.818  -31.1  0.51
  60.068  -13.9  0.58
  60.450  -18.2  0.35
  60.850  -19.7  0.50
  61.222  -30.9  0.82
  61.678  -28.6  0.36
  61.932  -12.9  0.42
  62.286  -30.9  0.57
  62.620  -33.5  0.55
  62.964  -14.5  0.27
  63.216  -65.3  0.40
  63.550  -60.9  0.67
  63.894  -13.8  0.32
  64.146  -31.6  0.48
  64.518  -22.1  0.54
  64.938  -40.3  0.44
  65.384  -35.5  0.68
  65.650   -9.8  0.47
  65.924  -63.9  0.75
  66.208  -14.7  0.27
  66.538  -53.2  0.56
  66.826  -63.6  0.70
  67.268  -26.1  0.52
  67.604  -13.0  0.28
  67.872  -25.8  0.73
  68.134  -32.2  0.29
  68.396  -27.6  0.45
  68.906  -11.1  0.58
  69.162  -33.3  0.60
  69.568  -38.8  0.42
  69.824  -15.7  0.54
  70.296  -11.9  0.53
  70.650  -32.0  0.45
  71.096  -28.2  0.74
  71.552  -28.1  0.41
  71.932  -29.0  0.68
  72.432  -28.1  0.43
  72.728  -14.7  0.26
  72.980  -32.2  0.61
  73.366  -32.9  0.58
  73.784  -29.5  0.49
  74.088  -16.6  0.25
  74.348  -35.5  0.69
  74.794  -26.2  0.79
  75.144  -19.8  0.51
  75.580  -31.4  0.56
  75.880  -12.2  0.46
  76.330  -14.6  0.63
  76.804  -12.0  0.38
  77.272  -11.5  0.48
  77.524  -19.9  0.25
  77.898  -43.8  0.48
  78.362  -30.8  0.57
  78.658  -11.3  0.57
  78.976  -44.5  0.76
  79.334  -38.9  0.65
  79.590  -13.3  0.40
  79.944  -51.5  0.64
  80.440  -47.8  0.56
  80.704  -44.2  0.22
  80.974  -11.7  0.55
  81.370  -38.8  0.48
  81.822  -56.2  0.54
  82.100  -47.4  0.87
  82.462  -16.1  0.46
  82.902  -17.3  0.26
  83.244  -33.4  0.68
  83.506  -37.9  0.22
  83.758  -10.6  0.53
  84.150  -59.6  0.37
  84.406  -38.5  0.63
  84.910  -33.2  0.72
  85.328  -41.2  0.67
  85.608  -11.0  0.53
  86.070  -13.6  0.57
  86.430  -23.0  0.62
  86.722  -42.6  0.48
  87.002  -11.5  0.43
  87.356  -46.0  0.56
  87.632  -40.6  0.45
  88.096  -34.9  0.59
  88.370  -26.1  0.37
  88.650  -31.4  0.38
  89.012  -21.3  0.59
  89.480  -30.1  0.55
  89.742  -23.2  0.72
  90.010  -20.4  0.61
  90.344  -16.7  0.30
  90.598  -26.0  0.56
  90.896  -47.4  0.67
  91.154  -16.2  0.57
  91.626  -12.3  0.56
  91.976  -29.6  0.65
  92.226  -25.8  0.22
  92.550  -11.7  0.58
  93.004  -15.6  0.61
  93.292  -26.1  0.62
  93.690  -36.4  0.68
  94.148  -44.4  0.80
  94.400  -12.6  0.71
  94.714  -63.5  0.61
  95.060  -52.9  0.46
  95.326  -12.0  0.60
  95.592  -50.3  0.58
  95.916  -21.7  0.25
  96.210  -41.9  0.63
  96.700  -21.3  0.53
  96.956  -39.4  0.66
  97.228  -13.4  0.29
  97.538  -30.3  0.95
  97.870  -27.8  0.58
  98.300  -43.8  0.51
  98.756  -47.3  0.63
  99.022  -12.8  0.54
  99.392  -26.0  0.29
  99.710  -34.3  0.60
 100.158  -47.7  0.60
 100.408  -12.5  0.57
 100.874  -14.4  0.68
 101.146  -29.8  0.63
 101.418  -16.3  0.26
 101.682  -31.7  0.41
 101.954  -22.6  0.51
 102.258  -13.9  0.63
 102.534  -33.5  0.38
 102.832  -45.8  0.69
 103.086  -49.8  0.30
 103.410  -65.4  0.48
 103.752  -65.3  0.56
 104.142  -60.7  0.36
 104.402  -42.0  0.75
 104.784  -15.6  0.85
 105.128  -11.3  0.27
 105.410  -16.0  0.75
 105.662  -20.8  0.53
 106.170  -35.5  0.75
 106.610  -15.7  0.28
 107.056  -20.0  0.61
 107.518  -18.7  0.69
 107.800  -10.6  0.27
 108.132  -25.5  0.89
 108.424  -28.5  0.69
 108.920  -28.2  0.69
 109.372  -34.1  0.52
 109.856  -23.8  0.85
 110.112  -12.5  0.26
 110.450  -23.7  0.48
 110.780  -27.1  0.61
 111.238  -30.8  0.47
 111.490  -11.6  0.50
 111.904  -33.2  0.69
 112.172  -20.3  0.66
 112.608  -22.4  0.60
 112.874  -10.3  0.56
 113.242  -21.4  0.83
 113.528  -23.5  0.67
 113.798  -11.4  0.48
 114.202  -23.7  0.52
 114.452  -27.4  0.75
 114.942  -30.8  0.66
 115.274  -12.6  0.26
 115.584  -20.8  0.97
 115.998  -19.8  0.72
 116.440  -22.4  0.67
 116.752  -29.7  0.40
 117.026  -10.3  0.54
 117.310  -19.2  0.44
 117.614  -17.1  0.25
 117.900  -30.8  0.58
 118.214  -20.6  0.60
 118.526  -14.9  0.29
 118.784  -23.3  0.97
 119.200  -18.0  0.68
 119.702  -16.6  0.64
 119.952  -25.0  0.23
 120.236  -24.9  0.57
 120.494  -19.0  0.38
 120.904  -23.4  0.54
 121.158  -24.4  0.32
 121.492  -18.1  0.55
 121.746  -12.7  0.24
 122.010  -16.4  0.57
 122.274  -23.1  0.75
 122.766  -23.1  0.59
 123.032  -12.3  0.33
 123.422  -32.4  0.59
 123.764  -27.7  0.51
 124.150  -29.0  0.49
 124.410  -10.0  0.72
 124.772  -30.1  0.46
 125.148  -37.4  0.82
 125.564  -37.8  0.58
 125.996  -42.4  0.53
 126.458  -30.0  0.67
 126.712  -11.3  0.32
 127.126  -22.0  0.59
 127.434  -34.2  0.84
 127.798  -29.2  0.26
 128.050  -22.1  0.51
 128.310  -31.9  0.67
 128.790  -21.9  0.65
 129.234  -30.9  0.49
 129.690  -24.9  0.62
 130.158  -29.1  0.59
 130.410  -10.9  0.46
 130.872   -9.9  0.49
 131.164  -24.0  0.32
 131.510  -31.9  0.39
 131.794  -11.1  0.62
 132.256  -10.2  0.48
 132.518  -16.5  0.49
 132.916  -35.5  0.45
 133.394  -27.5  0.78
 133.828  -27.6  0.32
 134.114  -16.6  0.51
 134.364  -21.5  0.30
 134.618  -39.9  0.50
 134.932  -54.6  0.46
 135.186  -68.9  0.41
 135.512  -57.4  0.51
 135.790  -88.3  0.42
 136.188  -85.2  0.41
 136.452  -69.3  0.78
 136.842  -91.1  0.53
 137.142  -33.9  0.72
 137.414  -22.1  0.44
 137.904  -23.7  0.51
 138.184  -26.2  0.85
 138.646  -39.3  0.89
 139.036  -47.1  0.68
 139.504  -76.0  0.73
 139.948  -67.4  0.46
 140.324  -70.5  0.38
 140.656  -70.0  0.67
 141.080  -85.4  0.46
 141.346  -45.4  0.59
 141.600  -17.5  0.16
 141.858  -18.4  0.69
 142.164  -20.1  0.75
 142.522  -20.5  0.30
 142.830  -29.2  0.43
 143.156  -37.9  0.68
 143.418  -36.8  0.19
 143.728  -35.4  0.08
 143.992  -32.3  0.07
 144.284  -31.6  0.06
 144.550  -33.6  0.11
 145.092  -34.6  0.08
 145.376  -25.2  0.74
 145.796  -20.0  0.55
 146.056  -24.4  0.93
 146.430  -24.4  0.42
 146.758  -30.4  0.77
 147.012  -27.4  0.36
 147.318  -25.7  0.26
 147.618  -23.3  0.19
 147.918  -24.8  0.21
 148.198  -29.3  0.18
 148.618  -27.7  0.23
 148.974  -33.8  0.23
 149.230  -65.7  0.59
 149.634  -74.8  0.55
 149.990  -78.9  0.37
 150.252  -84.6  0.53
 150.686  -90.1  0.46
 150.994  -90.9  0.32
 151.420  -50.2  0.66
 151.746  -60.2  0.54
 152.064  -71.5  0.62
 152.360  -47.4  0.48
 152.858  -56.3  0.50
 153.210  -88.9  0.44
 153.604  -92.6  0.49
 154.064 -101.0  0.27
 154.342 -102.3  0.28
 154.756  -75.5  0.44
 155.192  -73.0  0.55
 155.642  -28.2  0.55
 156.110  -62.8  0.64
 156.604  -72.8  0.62
 156.994  -76.4  0.60
 157.400  -77.3  0.43
 157.864  -87.2  0.52
 158.194  -90.0  0.61
 158.468  -83.4  0.31
 158.730  -69.5  0.48
 159.224  -81.0  0.42
 159.498  -80.2  0.51
 159.808  -79.6  0.30
 160.172  -60.7  0.61
 160.538  -71.5  0.55
 160.804  -79.7  0.30
 161.142  -77.5  0.56
 161.514  -81.4  0.41
 161.784  -82.9  0.60
 162.224  -92.2  0.39
 162.482  -55.8  0.46
 162.938  -52.3  0.58
 163.406  -63.5  0.46
 163.884  -67.5  0.50
 164.312  -69.5  0.56
 164.570  -36.6  0.73
 164.842  -73.1  0.43
 165.164  -62.6  0.57
 165.498  -36.0  0.60
 165.774  -73.9  0.36
 166.082  -53.0  0.66
 166.378  -65.9  0.38
 166.674  -61.9  0.67
 167.022  -53.4  0.60
 167.360  -37.2  0.59
 167.836  -28.1  0.54
 168.320  -26.5  0.25
 168.584  -22.9  0.07
 168.898  -24.2  0.21
 169.154  -21.7  0.06
 169.480  -22.8  0.22
 169.828  -20.5  0.25
 170.292  -21.6  0.23
 170.684  -71.8  0.58
 171.028  -86.9  0.28
 171.282  -52.7  0.66
 171.542  -10.4  0.58
 171.916  -16.5  0.60
 172.190  -23.0  0.39
 172.478  -11.9  0.41
 172.934   -8.5  0.45
 173.186  -16.0  0.81
 173.598  -20.0  0.32
 173.856   -9.6  0.62
 174.200  -13.1  0.76
 174.576  -16.4  0.64
 174.942  -32.3  0.54
 175.206  -20.0  0.91
 175.594  -19.4  0.40
 175.880  -33.1  0.66
 176.170  -12.6  0.41
 176.504  -30.3  0.48
 176.802  -35.3  0.49
 177.094  -11.4  0.33
 177.402  -29.5  0.42
 177.726  -34.7  0.70
 178.210  -26.8  0.51
 178.482   -8.9  0.33
 178.732  -31.8  0.92
 179.154  -20.8  0.64
 179.406   -9.2  0.22
 179.682  -20.2  0.63
 179.968  -14.6  0.25
 180.264  -16.8  0.49
 180.560  -37.5  0.82
 180.870  -11.0  0.28
 181.186  -19.9  0.51
 181.590  -16.2  0.73
 181.884  -42.0  0.56
 182.150  -16.7  0.30
 182.460  -17.4  0.66
 182.836  -28.0  0.52
 183.248  -40.3  0.42
 183.548  -10.6  0.65
 183.898  -25.2  0.67
 184.282  -21.8  0.44
 184.562  -11.9  0.29
 184.822  -25.2  0.55
 185.204  -24.5  0.85
 185.556  -38.5  0.60
 185.862  -13.4  0.47
 186.294  -22.2  0.59
 186.688  -18.6  0.72
 187.028  -19.1  0.68
 187.332  -11.0  0.28
 187.612  -19.0  0.56
 187.952  -18.4  0.61
 188.234  -10.8  0.27
 188.534  -20.6  0.61
 188.892  -15.5  0.63
 189.156  -12.2  0.28
 189.458  -21.1  0.50
 189.756  -32.9  0.33
 190.010   -9.8  0.51
 190.418  -34.9  0.86
 190.876  -27.9  0.61
 191.364  -23.3  0.47
 191.798  -29.9  0.75
 192.288  -20.9  0.87
 192.744  -27.4  0.98
 193.164  -25.2  0.52
 193.594  -42.3  0.86
 193.852  -32.7  0.22
 194.108  -20.1  0.64
 194.410  -25.0  0.58
 194.808  -38.1  0.36
 195.072  -16.5  0.65
 195.334  -25.5  0.50
 195.732  -37.0  0.28
 195.996  -16.6  0.50
 196.364  -15.6  0.43
 196.620  -31.3  0.19
 196.878  -17.1  0.62
 197.246  -14.6  0.50
 197.508  -14.5  0.24
 197.816  -22.0  0.61
 198.136  -25.0  0.87
 198.592  -31.2  0.85
 199.052  -27.8  0.57
 199.332  -12.2  0.29
 199.634  -31.4  0.73
 199.974  -21.3  0.69
 200.412  -39.3  0.71
 200.674  -11.5  0.23
 200.932  -25.0  0.67
 201.188  -11.5  0.28
 201.454  -15.4  1.00
 201.782  -22.8  0.69
 202.100  -11.6  0.28
 202.376  -15.3  0.83
 202.754  -14.9  0.49
 203.012  -11.1  0.27
 203.300  -15.4  0.70
 203.628  -24.4  0.51
 204.072  -24.7  0.60
 204.326   -7.8  0.23
 204.582  -17.4  0.56
 204.836   -9.8  0.26
 205.086  -17.7  0.55
 205.352  -14.7  0.26
 205.628  -33.1  1.03
 205.962  -27.8  0.47
 206.252  -13.6  0.26
 206.504  -31.1  0.71
 206.934  -17.7  0.53
 207.426  -31.1  1.04
 207.808  -27.8  0.51
 208.088  -11.1  0.26
 208.348  -32.3  0.93
 208.722  -17.5  0.74
 209.226  -17.0  0.80
 209.618  -23.9  0.53
 209.868  -12.5  0.21
 210.128  -22.1  0.49
 210.406  -11.8  0.26
 210.670  -24.2  0.62
 211.030  -21.2  0.59
 211.524  -19.0  0.72
 211.974  -18.1  0.93
 212.252  -11.8  0.28
 212.556  -34.2  0.88
 213.036  -25.5  0.88
 213.452  -31.4  0.75
 213.930  -25.4  0.81
 214.222  -32.1  0.66
 214.706  -28.2  0.39
 215.146  -35.7  0.68
 215.398  -12.2  0.33
 215.724  -22.7  0.82
 215.976  -15.1  0.37
 216.314  -30.4  0.69
 216.598  -44.7  0.64
 216.906  -64.7  0.45
 217.258  -59.8  0.61
 217.626  -79.8  0.58
 217.890  -68.9  0.56
 218.212  -71.7  0.48
 218.482  -65.9  0.45
 218.750  -67.7  0.69
 219.032  -63.4  0.35
 219.414  -68.0  0.61
 219.770  -23.3  0.82
 220.154  -24.4  0.35
 220.494  -33.7  0.44
 220.930  -55.8  0.70
 221.260  -69.9  0.61
 221.706  -66.2  0.46
 222.154  -65.3  0.64
 222.404  -72.5  0.63
 222.724  -73.1  0.53
 223.020  -66.9  0.59
 223.320  -53.2  0.75
 223.612  -11.0  0.57
 223.938  -14.5  0.47
 224.204  -19.3  0.46
 224.572  -33.6  0.53
 224.858  -42.6  0.50
 225.206  -62.5  0.74
 225.532  -57.7  0.50
 226.026  -69.6  0.66
 226.328  -71.4  0.43
 226.580  -65.3  0.50
 226.836  -70.2  0.61
 227.234  -16.9  0.78
 227.658  -21.1  0.41
 227.930  -15.9  0.15
 228.186  -21.7  0.63
 228.460  -25.4  0.95
 228.758  -23.6  0.62
 229.152  -14.7  0.46
 229.514  -29.3  0.64
 229.784  -25.6  0.31
 230.080  -25.9  0.22
 230.446  -29.8  0.33
 230.706  -28.9  0.18
 231.060  -38.5  0.17
 231.326  -43.6  0.25
 231.810  -53.8  0.17
 232.128  -51.6  0.36
 232.388  -59.3  0.23
